5841
8187
130
1373
5192
1304
7258
6922
6325
8555
7601
2611
7177
9293
4093
8267
248
7514
9271
6591
8213
4206
5408
8713
6428
5407
5170
8130
104
9814
3697
3857
709
1467
960
8437
5840
2556
1167
3498
2778
8745
9682
4907
8779
143
8094
2261
7795
7728
492
1652
9516
7052
8256
2221
9852
5214
8643
1126
1767
1236
2364
1125
177
124
701
3492
6432
5080
1833
1950
3936
3742
7316
7049
5728
5279
707
6624
3865
6434
6963
1515
8815
2860
3653
9885
1584
6989
150
7882
4554
410
2893
7363
3705
6067
3230
7600
9310
8849
8556
9064
9579
1710
9323
6512
4362
7248
4866
8190
8734
4867
3279
3736
6193
2114
9509
7598
6972
4466
3313
6801
7333
8203
74
334
1123
7716
6615
6187
7693
8938
7674
9981
6288
2157
3370
500
63
263
4142
5315
5685
8969
3029
9727
8422
9411
5571
2788
3603
3152
22
7839
2876
2028
1959
5451
1600
9315
1931
7675
9824
3016
7753
7281
7202
8446
4726
6297
8530
7526
684
9029
1394
3062
1065
9493
2305
1234
5620
5634
6490
3962
4154
5912
1539
7760
5239
9646
3478
6132
9984
7011
8045
9646
7756
663
9846
9015
4979
3939
5430
6788
527
5830
9706
5872
7423
300
9528
6788
7083
157
9524
4710
4145
800
4479
4444
6077
1322
5817
9515
5992
4055
151
1376
9912
3076
4912
6410
1221
7238
2161
7826
5531
2202
8304
9753
9995
8410
6334
7788
2604
6057
5158
1270
2607
2107
802
4547
9424
4820
924
3116
7592
4988
2978
4179
8271
5547
4995
2332
5071
6998
5510
2759
8228
774
1609
6038
2496
2034
8231
9423
3755
6777
4003
2831
1031
8014
3441
7945
6737
6496
4964
9914
1748
452
3682
2490
7495
2113
3219
8610
2295
6360
7768
6388
8703
8190
4553
1707
243
9112
1543
2160
3053
2914
1712
470
5310
9900
1792
5923
8294
3425
357
3243
1327
4837
3243
2490
9907
8986
181
7006
8607
95
1005
7615
3439
7334
3
1228
8520
7264
5266
7427
7044
3608
5776
2637
4456
888
5652
2676
9570
8316
977
3889
7886
8641
6849
9094
1960
8153
1597
3077
6075
5087
712
7243
7144
4913
716
8909
8755
2207
1660
3197
6071
6926
552
1145
3785
5545
6863
7648
313
1508
4431
2274
3173
4814
2728
3075
857
1828
6974
5211
6529
6652
8205
2253
1135
692
2103
9938
3639
4695
3497
4385
3207
2825
8556
5006
9540
912
5094
8076
5808
2015
9009
5632
3192
2639
7044
6356
9514
7548
7229
4196
1091
7802
8752
3768
5510
1139
473
1118
1001
4990
7341
8692
5290
9564
9038
4767
5151
5058
8494
7899
4602
1055
5019
8640
3819
4649
889
3917
7215
4136
2381
5955
8615
7998
2101
9729
6131
2017
7621
9351
5677
4087
9836
4297
5955
5533
8373
1058
7164
6836
233
4994
8299
3688
802
8918
1553
2974
6859
1043
7789
7482
5491
5886
2815
3082
6032
5722
9034
8099
9008
3455
135
5174
2730
3252
6982
5342
1235
9162
9168
6920
5597
5716
9704
4831
4874
2326
1359
9668
6094
7177
1463
3415
5730
5416
9247
2820
4069
8762
7757
6412
6397
92
5803
1855
8203
6602
1784
2275
5484
3082
3630
5476
6588
1414
8435
1480
54
5972
3289
6333
6534
4307
1665
4178
4991
2868
4765
2319
3512
979
6354
8369
5153
9376
9628
2006
1987
7902
6251
2305
8790
3064
5244
2859
1676
4955
7731
263
1962
1828
6195
559
7175
3718
5504
9152
4573
6551
5739
3887
8573
4505
2605
6374
9519
5536
7567
288
5974
7653
9862
2572
4354
6246
8668
7073
3999
8279
7641
2143
1259
2649
1985
717
9077
3621
9062
1077
7169
262
9710
4536
7480
8976
2320
5663
6204
6321
7896
3583
5785
594
9674
5208
3798
6057
2243
490
7419
1855
8602
565
6605
1209
1558
3915
7653
4213
6505
9220
1630
323
7690
5678
909
6573
6561
1567
539
7445
2395
1321
5118
4857
941
3608
4678
4053
6101
8859
1971
8806
4235
7692
8659
1830
7639
558
5481
89
3053
3458
3161
5731
8003
8598
5456
9684
883
6475
6353
7681
6411
6145
6954
4927
6962
5121
1509
3070
2725
3222
4330
8113
4256
1385
6690
6182
3880
5576
5462
4550
4468
3539
2518
7130
1724
2931
1141
7047
2090
4102
9362
2504
445
3931
2353
3624
957
1590
3192
3768
8136
8593
1462
7075
4987
8384
8797
3131
8972
47
2608
4911
420
6554
2520
6316
2362
7272
7473
2525
5131
3461
3329
7568
4261
5099
3400
7078
5426
4429
3122
727
6467
1071
3738
8384
4578
117
7577
1098
2441
6646
9004
8760
5296
1356
9923
7149
8081
7387
22
8567
1145
5548
1634
3436
4279
678
5633
2383
4470
7671
2872
9103
8807
8068
297
4573
7448
8363
3049
823
7457
3729
3756
3110
5597
2941
7308
1584
7221
1135
4617
6219
5656
1615
4186
5551
2679
606
9090
5399
764
6379
6797
3668
987
6036
6713
6125
2625
4358
5490
5094
6969
2308
5990
3548
1134
9440
5863
4411
5418
7225
2046
3213
5212
4977
4461
1007
1544
8681
3421
4065
6441
3019
214
3817
9138
4004
6653
4261
6850
5996
1063
2667
1445
4355
252
6287
103
6122
5351
3105
9795
3515
378
7775
8762
2646
942
8654
1423
1370
679
929
7807
3788
5798
9076
543
7446
5849
6568
8733
9407
3709
6314
4520
1427
6724
3858
7964
2127
2273
1797
7333
7387
3199
5128
9109
4148
1266
3314
464
7989
8533
7532
3844
1969
8018
5287
2407
8784
5473
3530
6745
404
648
3303
9320
5302
192
2761
9249
7858
7096
4012
4900
9996
4658
9561
5713
157
9132
4269
7839
3806
6681
709
6780
5823
1326
231
3070
5509
7001
6144
2023
1246
619
822
5383
5426
4774
5705
7771
4984
1441
5051
5348
3665
4888
7576
6499
6438
8384
9620
9760
8969
2761
2640
4681
1626
2733
8169
8439
2233
2837
6317
9485
6322
8442
3962
4506
9306
1864
2149
2461
5460
687
3012
8792
1409
4115
9177
4654
3138
2564
8571
1414
2251
8616
1874
1409
2181
1667
3807
1816
9424
5593
1878
9166
452
6778
7705
2596
8770
6668
4386
7964
8444
7479
8652
5494
269
2569
9278
4566
4790
7161
4166
7846
4262
3481
4446
599
4133
821
8846
3395
6062
9609
5310
7742
9751
3391
1333
443
942
9716
2739
1803
9058
3356
7527
272
2458
4476
5646
7087
262
8166
9369
7364
7248
9298
1385
1471
750
7671
5242
5997
7224
185
1689
4882
1472
5612
5219
2385
6018
1558
2780
1710
2346
8579
4489
1226
3837
690
4106
2302
5173
4253
8183
6339
1644
1046
2790
9486
7156
8876
919
2233
8288
6813
3052
8700
6403
4773
856
7419
8947
3253
8834
4121
1657
3727
6006
938
4776
814
8408
3382
4264
802
3638
3961
1102
6632
3706
839
4554
2777
3272
3309
7596
6953
8314
9826
2947
5135
3254
3741
4132
1925
5032
1888
6931
3957
3073
6434
4721
307
6540
6059
9059
2842
9177
3784
7802
1678
4680
1678
1620
8161
531
9387
4095
8273
5976
8216
4709
5614
9298
2075
6873
9417
5363
4104
1884
568
2768
8119
1835
7095
8041
5666
8057
6296
9491
7941
821
3851
2356
2920
296
9496
1723
5112
4253
8729
6025
1153
6109
5877
6704
2440
1350
471
9382
6900
9207
7933
7685
2877
1882
6796
4131
6957
8703
993
8409
1924
9377
4931
5699
6263
4968
5604
7331
7640
5722
2405
5569
5072
4206
9833
8931
9705
5471
6834
4341
1897
6681
1384
6726
3304
4771
1112
5183
6098
7289
4425
0
9064
900
9594
7656
6753
7128
6678
1264
4415
7691
7658
5429
9388
445
3485
2465
7042
7672
1710
4613
3737
9285
6812
9301
3132
2344
238
1952
21
6042
6579
4714
3959
1265
163
4216
9114
8830
7461
2567
624
562
2090
5049
6022
3070
7478
989
5591
9637
143
1305
7978
7760
285
8999
2300
1823
6674
2266
2408
8279
5523
8876
995
9852
1732
3621
1572
668
3218
3034
6528
565
5114
1071
9060
6756
3063
8282
139
1915
8921
9174
6432
462
3968
672
6333
1563
9415
9714
8001
7907
9342
9210
9937
3129
416
4614
8181
454
3892
6334
8931
5575
9230
589
9161
212
2757
2606
5475
7213
6880
9951
8957
9779
2057
4276
2787
5984
7651
2379
6228
9700
7192
8824
388
6701
5755
6717
2960
6290
5389
2215
1581
9388
3483
2647
2809
3697
5364
7915
5235
4015
5672
393
3783
1026
3019
2135
113
1058
4025
3450
8691
6747
7524
9178
8594
3178
7065
5086
9834
449
7281
5737
3489
1800
99
6176
6201
2753
8390
1158
7775
6805
6341
9447
6977
6719
7259
1197
9949
2613
7405
114
3156
4095
5431
803
541
2982
1230
3629
9110
7674
485
7128
6053
1727
1548
7132
2076
8069
7538
9107
2651
3907
1899
13
4095
7920
5676
3050
1817
6957
2387
9864
2330
1314
9044
3657
1866
9204
6334
8223
4088
1439
2157
3015
5387
598
6184
5712
1318
6292
4522
3974
474
4766
3822
4544
7334
1895
2707
9186
4906
2559
6543
8607
4681
7737
8576
6094
1357
4584
9309
904
7988
2869
6924
988
8055
671
9852
4527
1148
4128
6562
8691
4449
9304
898
6051
8377
4969
2147
1192
6852
9454
3589
7131
2630
6504
7246
1848
4905
534
2255
8747
5470
1280
2630
5529
7423
1744
9597
2398
5248
6094
3135
2606
4212
5783
2123
5658
9708
4393
2865
658
6762
4302
6873
7617
5604
3154
7555
6441
4820
1106
7369
1836
8123
7363
9712
4580
4342
8316
8862
8160
2377
8402
1813
6971
1351
862
9933
7450
4196
6476
1760
1426
7138
5875
671
5668
7767
7628
7554
8774
6064
7248
6765
5919
1022
5299
8734
8415
1167
1495
4802
8201
5960
7295
2311
2606
62
737
8556
5270
8548
9014
4037
5085
3678
8897
5451
4281
483
7977
5296
6052
434
3173
7392
6986
3948
4675
5075
1727
9167
3942
2495
6846
2178
4474
1258
8298
1244
7316
8109
1411
5168
1866
8835
3400
3987
9260
945
7923
3229
2078
4097
3621
7789
3956
9894
4046
5687
6873
6500
41
9385
9803
9495
9522
924
614
8001
1381
9030
5467
9218
8068
588
8189
3935
6677
1332
3945
2245
8422
7352
5647
7863
6398
4279
7137
7972
1137
1109
8550
1396
6495
3123
2028
8112
5129
9706
8680
3969
1745
5216
8827
7040
9870
9469
4755
2301
8265
8375
5962
7356
2855
8281
16
3593
6274
5730
1776
3580
8470
9434
9601
5303
1078
6815
203
4509
4840
1374
8980
3757
740
8014
454
4987
5524
4357
4687
2160
3912
3118
6709
8712
7833
7874
5268
5689
5447
7219
693
1683
98
6344
8076
3779
4945
1122
4014
7281
8211
7502
4013
1786
1744
595
4754
2312
5002
8315
230
2572
6437
3886
6045
1566
3904
633
5967
5691
3968
4158
8404
1790
5192
2581
6060
4233
1654
768
8856
9218
6797
2877
1416
1499
2922
180
8706
3161
2325
464
6172
9830
4454
1243
2614
7282
2705
5585
7655
181
2400
6727
4818
3503
6780
2852
8052
2352
648
6701
2733
4883
7658
5647
3993
1893
6934
1509
4362
5972
5640
7242
4932
2050
3438
6920
9061
2553
9760
3791
4990
4088
3165
3249
6514
747
8691
2986
3690
7610
4138
8188
722
6920
4366
8585
548
4955
6728
9098
5375
683
8312
4684
7971
5539
7456
1578
1132
821
1792
4229
1609
2186
633
7729
2968
7
4416
1049
2287
1355
5426
9939
9641
2645
8974
1405
1100
8418
5332
1991
2771
756
6488
58
621
7470
1234
7814
2625
4219
9685
7193
683
8687
8970
6331
2936
6293
2424
4951
6186
7768
6706
3620
8664
5709
9470
690
1957
8605
7261
1887
5708
305
3084
73
6757
8566
294
7406
1510
7584
9603
7823
9081
5018
6962
9907
6726
7723
4334
4823
1325
7380
3984
884
9186
886
4673
729
6117
9537
409
2823
4300
8872
3657
4652
7024
336
5905
166
3665
6758
6111
1737
1287
8544
8838
6284
8758
9579
5767
9182
2157
6052
1470
6198
8747
1091
3675
1976
9870
2946
6587
7875
5545
7531
1522
2823
9601
3951
8104
3380
7781
9795
749
9869
5032
1092
6410
5899
2237
6987
3830
1407
6493
8524
8369
239
5159
2120
2720
5138
1093
9139
3622
1063
374
7232
6524
1470
3582
2040
4461
3786
5175
6089
2608
5390
5873
8555
2866
6373
4109
2606
2687
7166
1042
8239
813
388
5626
5977
7573
7211
1037
9720
3407
6278
1096
9417
1162
1606
3129
238
5989
1101
2665
8542
7068
9841
774
1240
2354
7595
4028
5639
8471
9455
2288
7153
3350
2726
1481
4618
1438
8696
507
3862
1371
7765
5505
2524
5088
1154
470
710
675
8545
9280
9748
2886
5944
506
1520
269
5764
4541
5740
3217
3767
890
4648
8288
7500
4262
7823
2958
987
6835
8193
7436
328
1255
7932
2243
1606
5338
19
4029
4905
9809
8769
5681
5977
6594
8710
9465
9810
7860
9296
3553
3449
2245
7237
9182
537
3895
9597
9769
3066
648
8476
4759
2979
9724
4621
1894
2135
9465
5322
3734
5499
1231
855
1537
3047
1666
5711
4201
5835
341
2375
7596
5321
8805
5630
5830
960
9839
4102
2132
1065
8031
4908
3600
6778
4614
3282
3262
3928
9287
5854
370
8313
1406
2348
651
887
4221
3007
272
6641
7189
7812
6470
3595
1261
8935
8811
1222
1762
255
5762
9019
3420
2852
5675
4352
8280
9009
3918
93
3959
6260
2244
6216
2530
5827
5682
9132
6936
9705
2755
2920
9334
5437
5921
404
546
5267
9184
4239
1300
7612
9207
6147
1410
2601
3644
7258
5494
1805
6490
2266
3086
2640
5345
5292
4015
7599
5563
3466
1143
1121
8983
1430
2430
901
4451
1111
4232
4103
9626
2974
6986
9025
3256
1544
4838
1870
4726
2188
7653
5546
5367
1844
8127
3957
4702
2072
8506
7462
9417
4085
7549
2588
5614
7389
7072
4000
7760
8808
5506
5030
4238
3353
8502
6482
4888
107
2715
968
3103
7850
3591
2060
9000
8734
4463
4407
5453
3121
1654
1483
9713
7138
7727
1438
9869
4946
7488
9250
651
1836
6549
6357
1678
4338
7630
5604
9484
354
1607
3402
2794
7991
7074
4599
4098
4860
1474
5740
8035
8107
566
3538
9045
4484
897
3450
520
9977
8754
8783
5384
1430
8133
5655
6975
6622
3109
2249
8647
6176
2396
105
8378
1321
3720
895
8120
6002
9884
3109
6596
8058
8848
1759
3452
9135
6070
7604
1971
9062
3419
75
2764
5098
7269
161
3013
4017
1375
614
8046
1417
6846
4504
7140
7698
15
6680
8127
6629
6992
72
6244
5090
5591
9013
6647
8200
1251
8818
1746
924
2061
4234
6154
6477
8378
3575
4340
8046
5680
3440
2628
2050
7666
2156
3645
7574
6346
6774
2522
3064
8227
9001
8935
1094
144
7482
6205
9617
7995
3445
6600
4865
5966
64
3639
4561
6024
4604
9712
6058
1900
9113
8333
3870
8492
3929
199
7579
238
6765
1981
4112
9416
8747
9009
4251
1773
1857
3487
5456
9508
2083
7451
9895
7377
4097
2166
2124
7650
4612
604
778
1096
2775
8350
3201
8192
5634
3399
1363
1853
4961
5853
143
7140
8547
5605
6261
2276
8398
9043
4537
9375
6768
221
7218
4698
7345
2667
8098
2477
7012
6702
1487
9575
5132
9514
3248
497
4731
2097
6468
5101
342
8685
9515
6155
2948
6617
6584
5367
8021
5404
1614
6675
8303
9972
7880
4205
9780
4331
4549
8380
3056
9113
4080
5708
6222
8789
7917
6324
4425
377
5504
6544
2672
4113
6280
8544
2979
6687
920
2668
1722
4527
5765
9010
2453
3778
6587
5886
718
2681
4923
6005
5723
9616
8015
3309
9711
5300
6703
3052
7664
7618
7131
3436
371
7934
4280
4536
9155
7693
8584
9174
4497
4399
50
2737
854
5948
8000
7681
1395
5738
4167
3561
5417
3176
1330
9998
1077
555
7975
143
5699
6146
5819
5092
5139
3943
9713
3159
8025
4213
7773
8025
8894
8401
7543
9363
2676
7398
8123
7243
4391
8705
4590
4271
5647
2838
6203
3073
914
7052
6170
78
2903
5964
5858
7036
9748
9905
5734
9152
7849
9596
8779
2058
3413
1256
7706
2782
5350
9252
1936
3295
1599
1202
82
5433
5921
3292
7038
7547
9548
4142
3613
6336
7087
4499
8885
5657
3531
9935
1755
8776
6997
2550
1446
8299
539
7608
190
2675
9934
3306
3426
9793
2685
5730
2297
6492
1922
6831
8289
2625
5574
1314
4468
6807
4319
7773
2824
3053
3738
4310
7493
8227
5828
3383
6113
9250
562
8134
4263
6873
3536
2124
4439
6981
8454
4213
9910
7788
9255
6211
1142
2230
3251
6990
6033
2360
61
3052
3391
5918
5542
7449
3591
4724
8696
8883
5969
3458
447
2869
7562
818
7329
4238
9697
783
8351
1997
6062
3836
1763
8956
3474
2093
7353
150
9466
5446
5738
1173
3501
1903
9668
9676
645
4544
9445
3326
1130
3695
9430
186
7754
8819
1733
5332
6053
1667
6506
1952
7940
3649
8827
7629
2441
3596
4971
3804
5138
8438
7997
2924
8759
7316
4198
6340
2915
2907
4208
7180
4128
4685
2363
8520
1643
8639
2479
7233
6966
5622
3692
4946
3852
5454
4530
732
335
3351
8557
6854
9181
3644
5272
1573
9089
3249
8482
5172
5030
9992
1453
3696
6183
880
9795
915
7313
5163
5731
187
6746
4603
6058
1366
2186
8584
7693
3084
8359
7648
6738
9544
5616
6011
3263
4868
7391
2906
4858
8305
3377
1388
6511
1440
5826
3917
6736
7856
6289
2939
8679
9284
3539
1670
9766
9968
8931
3411
6352
5072
2983
6301
3664
9061
2365
4681
1511
6829
5157
2084
1667
2526
9544
2907
7003
6462
1958
7414
6279
2914
7918
1314
1884
7825
9510
3019
1478
5061
2490
5618
5933
6925
7377
7696
7066
8866
1099
4391
4275
9012
3350
3425
1250
5135
3984
4424
980
4192
1959
6865
1085
7502
2828
1286
5224
7543
9638
1054
2028
1832
6115
5002
2827
4424
4489
1487
9316
2625
5419
7756
632
4268
3895
8423
2874
5209
5244
7144
5023
2600
2345
6865
7828
9511
5904
7640
7471
3048
7705
1523
5950
5549
2227
3071
8812
4227
7093
6957
9090
4585
7475
1850
5354
4571
1836
2377
7950
4239
1312
4351
463
4267
1903
6138
9522
9985
1037
4575
5812
3145
1025
7231
6895
4313
4348
6933
6420
9827
3927
4558
2376
1019
214
1893
7116
4036
3641
6027
8420
3942
6528
6656
8745
7965
8190
7328
5385
5569
2695
7549
3612
1774
8595
3108
8898
271
9989
4943
6920
4284
2948
7591
4090
701
2520
6803
194
5066
9697
7569
4590
6961
1553
7904
3024
5362
5562
7976
7647
7226
9266
5910
4330
8651
7171
9624
9085
3444
8431
9329
9228
7234
8784
1642
4444
6579
9182
8870
9025
7938
1193
4863
738
404
9718
4626
6201
7374
9399
980
3190
961
1331
8112
3811
9411
5221
6606
3378
3067
9471
4225
7923
1513
8111
5117
1458
7280
6442
3554
8013
9856
3077
6266
163
3092
6435
2635
5191
101
9033
8954
244
8585
8189
6749
5083
4636
348
6474
4599
5321
3418
8097
2066
5685
3013
8338
6336
8072
498
8941
553
5560
8569
1653
1652
100
6061
1631
7983
5003
8755
6173
3692
1302
132
785
9637
1080
3645
9520
7215
9265
2980
7814
9468
7257
4965
5631
4986
7999
2522
2473
8842
7534
3401
5716
1755
9257
3447
3298
1525
1363
1178
3601
1649
8877
4509
3954
3109
6253
9276
4133
8126
4823
4527
2643
950
859
8564
2327
6181
9179
9461
6538
6419
3990
6200
3211
2107
5062
4837
6599
507
2995
8546
9626
5257
5138
4698
3042
2848
9917
1117
2715
9512
3440
3137
701
6403
1565
5878
8399
4659
9565
3942
8502
3385
9284
9547
1070
1624
2543
4395
2787
4280
4525
8415
4812
7975
8247
1121
2357
7177
5166
1796
6200
5008
8895
9709
1816
1656
8725
8782
8777
3017
7883
8196
7823
7999
4812
3398
9761
102
3129
1838
7737
1950
7334
6212
7772
5262
4610
7046
6320
2901
3714
6084
2367
3484
3625
4567
4599
2680
4933
9218
8539
6523
8376
5312
5865
954
449
5661
2328
3161
4232
289
9406
2914
3315
3111
5996
9300
4711
9003
9991
6392
7118
7634
7348
5071
5201
7732
8047
8840
4562
3652
7479
365
425
752
9962
6845
2953
5139
5512
5765
9774
4296
4374
6391
7334
906
6994
4092
1769
4838
6782
8197
5046
1826
9179
7629
1835
4727
4771
7819
144
5593
4147
6308
7169
3207
4755
8445
2070
6094
7604
6141
1729
776
5989
5569
1172
2898
8721
74
3148
7307
584
9601
5694
6551
7113
2762
8172
7172
5929
7958
7491
1365
6434
7058
8869
6393
7803
6285
5502
704
7440
8407
2725
6596
2414
2517
1569
2850
1389
5586
1061
4236
3194
8111
1497
6407
3104
3082
5511
1871
5075
3212
5839
6635
808
2061
8103
4923
2452
7394
7923
8558
7424
2758
2237
2608
3574
4999
1633
9952
3978
4071
5079
5311
8856
1124
8877
5636
5414
1857
432
4429
6421
2562
8616
4448
4458
6279
526
2864
8627
8528
6026
2283
1336
1663
2093
7968
5296
1354
3655
1726
8477
5567
7462
8119
453
5123
5853
6371
9790
4723
8924
9601
6613
5004
1938
7528
4186
2293
3931
4492
6300
3834
6935
7373
6173
5508
2858
5497
5057
6339
5161
3073
712
8381
423
1640
246
3744
7468
5624
9116
2020
1487
895
7252
9805
2784
3159
8350
924
6405
5156
6050
9028
622
38
1473
474
8583
30
1277
5029
4602
2316
7841
6821
9854
6295
238
561
9904
3927
9828
2248
4684
6652
3657
457
5032
2209
5417
4094
8317
3258
8538
3523
9347
203
9978
3285
3384
5107
2455
6741
6765
2437
3499
6539
1805
1559
5331
8968
7931
6371
314
740
5559
7387
710
5909
3148
8025
2863
5409
8809
7893
7543
5419
9466
4287
2123
1705
8146
4412
7972
8086
407
2958
2314
2147
7323
7308
9878
6665
6466
6113
1618
2154
3317
4080
4128
9829
3873
421
5524
1207
9772
5830
9214
3631
951
5832
8216
3802
7289
3438
6968
381
5597
5260
5602
5282
8137
7195
5022
73
3577
8645
6481
9007
2105
9487
7755
9036
156
9527
7804
9206
8907
4034
6515
51
4813
1448
9045
5660
9311
7660
3350
1726
7057
9363
200
2106
6253
6822
4957
1451
2308
7459
8794
6039
1063
8765
7338
5503
1999
1091
6283
5857
7449
718
2842
733
6482
20
8630
4212
4570
8234
8067
8972
744
6023
238
9504
7098
5715
4920
6900
2887
5070
7873
486
4532
6509
2098
8337
4287
3407
6182
2235
6155
7326
7062
6158
5192
3584
4592
5812
6014
8797
3859
7883
6422
6651
1114
2600
5621
9494
7170
8008
8342
2731
314
9953
3171
5123
3590
5687
4096
8509
2816
4058
8660
5412
7724
8781
2980
1456
3365
2641
1742
600
4441
480
8063
7605
7343
3542
6897
6785
9632
2490
9685
5502
8553
2666
9833
7716
3435
3108
1462
9474
1373
1169
9448
4582
5167
6811
635
631
6555
2144
6750
3343
9946
8815
3895
6887
9905
7150
7795
3642
6054
5774
728
6011
6066
2630
3513
4083
5509
1725
1397
2930
2625
9268
6492
9655
7140
3519
5007
2138
6853
9699
4739
2583
4906
5931
9681
3333
4772
6069
574
8100
6248
1577
3410
742
6570
2442
8183
4052
648
7445
3008
2257
1552
6646
259
9963
8927
1962
4229
9069
6855
815
4640
2706
1548
3128
707
4693
9852
3597
7414
5892
9609
4367
1945
4322
4324
9368
1464
8379
9463
3617
6221
5874
6366
5869
1042
3287
5907
9571
2529
8804
7318
9129
730
6614
7525
4539
7120
9001
7837
6027
9584
8188
6829
7171
5583
3380
5860
9910
5343
8893
4967
2036
9246
5402
5984
460
76
973
4277
5580
1878
9619
1268
4867
9348
5431
2601
8008
8795
262
3820
4548
7663
4018
5018
5738
4665
8528
3630
3974
9697
4301
9659
5507
8249
2557
8712
1943
3317
8644
3385
201
4314
8781
8247
6547
8258
2215
6939
8690
3561
9440
5980
8410
3576
6602
5474
8167
7308
506
5542
6718
5841
8895
6888
6993
4928
1327
4924
9186
9954
1725
7043
2751
144
439
1825
4763
2617
9356
6592
718
8591
443
5633
4962
4622
7062
7578
1710
1002
9733
4784
9872
1124
5159
4098
3027
1832
7124
943
7281
998
5630
102
1761
8587
8645
1720
6513
1820
6313
6124
2655
5151
602
8591
9185
6614
3004
3573
8693
392
6503
5409
2626
4493
1978
220
6413
4645
1087
1381
4952
6134
8058
2246
9460
7009
2059
127
5384
3776
1043
1954
7242
5710
1683
7642
5369
8066
8111
4056
5133
7258
6466
9147
2935
4864
4859
3195
9666
6795
2437
3635
3387
6053
2293
3401
9868
4
5548
9003
5795
2888
8124
135
4930
8736
664
5398
3024
2553
2836
5991
8365
4787
2043
692
146
5058
7295
8931
2087
2798
442
3659
3598
9527
9924
7169
5164
602
7934
7918
4872
8040
8810
5790
9132
3273
4830
4744
3977
1292
4477
7093
6535
2297
6549
8799
8057
5830
9544
1207
3231
3922
9842
3779
5205
7729
9961
1426
8249
9429
4051
8397
378
6309
8593
6989
6891
3101
2040
3171
1815
6609
2816
6263
751
591
5062
4912
223
8992
444
2204
3534
827
6016
4478
6452
9639
1034
594
2630
2602
5663
461
7916
2898
4931
5685
3156
5007
8955
5658
768
6444
5953
7681
2634
472
8000
6667
4759
4405
8398
3030
4985
7580
2538
2000
8351
8347
6459
8707
8631
29
6568
7665
9732
6804
9798
7693
9659
421
9852
6979
3270
2560
4658
8246
7339
1898
1576
5397
5991
6873
9859
8520
6244
5355
6834
4397
186
9395
3071
4041
450
6210
3024
9757
6421
1886
493
9719
6323
3857
4333
8770
9679
8865
1273
4091
1991
8167
3538
2976
4642
7854
5358
3799
5106
5738
4461
9737
5369
1763
7657
4666
8712
6045
4732
7349
1059
3540
2573
3544
6464
4729
3874
617
8558
7076
3465
7732
8642
628
3073
4434
6636
4379
3843
1591
3528
8191
542
9112
5953
1838
9856
135
2000
1249
2896
7037
8258
9147
232
7395
1815
6911
8081
2397
6278
1548
1846
8884
1695
8550
4250
6382
7865
881
1734
1163
8233
5356
1835
47
5732
40
9813
7511
6571
3540
720
3130
1734
7511
1380
7982
3100
5192
6124
499
9085
1453
437
4032
2690
3967
4562
2968
4733
6486
2300
7208
234
758
4886
8353
7415
6774
9742
4716
8832
1256
48
6047
2466
1386
8404
6074
4082
1368
8024
1646
5414
1308
8281
3307
368
2644
5930
7652
9724
1565
567
9410
1695
3281
4820
6609
2974
4683
3758
795
9521
2755
4083
2863
4428
8874
2813
3822
8461
51
8281
2498
3253
5068
2150
715
4445
7305
1897
7095
9226
7035
3022
1004
5482
4161
8456
3109
9822
9291
2553
1624
2402
1351
1662
8176
4423
5195
8146
8188
6594
3053
2051
499
3422
7762
7697
3426
1148
6849
6322
1683
6251
1043
2962
3563
4642
3466
2648
1
6521
7835
7300
9126
3048
7033
9493
9813
5975
5216
9591
2473
1413
7130
2857
1317
3173
689
1564
5364
9634
9858
5432
3710
5539
6634
2409
8883
5497
8144
3174
2839
7157
7295
6498
8394
8342
5262
1355
8515
3680
2589
928
440
4169
5022
8256
4013
4894
4974
8429
7158
3810
7599
7872
1243
8022
2211
614
8039
7155
5095
4391
7580
644
745
7591
9384
3377
7944
9862
4220
663
7063
7234
2046
7619
7837
3388
3613
7837
6108
9000
2140
2337
6731
5390
6942
5784
2162
3581
3900
4517
5682
383
4389
1276
9135
5992
2867
13
3260
3288
9158
9198
6513
5040
1903
9846
8970
6129
5067
358
4015
111
1418
2274
4348
453
2571
6637
8396
9379
7158
6739
807
2274
2533
815
2325
4407
2720
941
4141
9558
9299
6330
6207
9886
6510
2823
3963
3778
7434
4365
6812
2264
6067
3482
5412
5578
5622
697
148
3515
3112
1216
1064
9747
2912
8995
5678
1339
706
8245
2769
6244
4377
5359
86
7809
5984
8089
5538
6757
4734
9334
8326
8311
6380
9500
4296
7698
7299
8592
2127
5513
1031
4656
7467
9671
986
2730
1198
8933
6654
9227
2907
7589
2747
4081
7514
7867
7513
5153
1748
3020
3515
2997
257
1342
1064
3773
6012
591
1543
4374
1744
1089
9798
6969
1714
3522
5319
8458
6106
3786
1128
2128
5423
4974
3869
4436
4749
7666
6700
787
1190
3948
1669
4430
9858
1971
9852
2225
7076
7893
8117
3584
1980
4584
602
2364
6210
1784
3820
7653
7845
623
7140
8314
7184
9811
6452
4317
2709
8970
4415
4690
5914
7304
2897
6517
7661
1161
9708
4010
3236
394
7809
1680
3333
9697
1319
5855
6335
3629
8427
4529
2756
7976
5301
8813
5843
7048
3394
5374
4982
4549
579
5922
4933
3558
2545
9870
9909
7044
2556
4031
480
6736
7919
8315
3170
7776
2657
2502
6925
9924
4666
7857
7658
4167
8831
1900
7997
8529
4285
156
7667
1481
5231
5832
5547
8328
9099
3421
7390
1753
4847
2674
1148
9356
7155
2102
7924
1706
2219
4756
9376
2338
5180
6856
4155
5170
3896
3292
9584
5073
5384
4428
7456
8377
6645
3512
8783
5491
4210
2823
732
7643
7834
6503
9676
6402
5409
3923
2577
865
330
8910
940
4955
6245
1084
3964
6412
7090
2656
6961
3822
1879
3408
1666
2714
3897
1397
4551
875
8506
2814
3044
6494
9424
7939
7907
2661
6590
743
6637
1003
9313
1527
6532
8339
1913
2624
4384
9289
18
6509
5620
4426
4926
2125
156
3039
6496
691
3606
5795
3112
7399
6314
1494
9702
8586
2871
5531
6205
1607
2923
5868
8997
5796
4622
8813
8429
9576
1020
558
1019
7431
7821
3081
6241
7112
8259
2092
3038
455
175
3889
9774
2103
4209
4088
4384
735
6826
4454
2130
4949
8271
9286
7562
4217
2796
190
4515
8200
2531
3853
5874
5072
4224
1889
2197
5731
7946
3989
4231
2181
6808
6839
3874
512
1341
6439
6273
5095
7889
2827
7425
5527
8798
5487
1316
8633
244
714
4513
6356
8041
1261
5531
9839
2545
5108
4524
6980
5
5967
6702
3312
9875
4346
6982
7367
8114
4983
4910
4117
4816
542
8910
9823
2619
2315
6982
120
9784
2453
7514
7359
3875
1599
3881
2950
3987
8855
3100
733
5401
4060
232
3549
8245
2989
4192
2289
5557
1485
6795
9662
8716
8050
4269
5667
7130
1180
2228
7035
5997
6851
2050
671
4836
9705
9729
1881
1980
7822
4648
7524
3049
3475
1305
6575
5315
2038
867
5584
2218
7884
3803
8965
1623
252
8563
5733
5504
1544
6692
5878
2903
5431
3949
2055
5633
6894
1511
2189
6110
6253
7044
7836
1370
1941
8324
795
1503
4503
644
1866
4564
9592
9603
479
9302
1904
7378
9851
2337
2130
9480
6540
6794
1126
2703
571
2253
9714
1742
1062
6479
6887
2244
7208
6255
472
3838
84
9166
7029
8261
3169
1335
1637
4951
5183
4556
3666
3040
7544
271
3150
9061
4833
2266
9476
7100
9631
4556
826
6923
8199
3249
514
9404
1806
924
3455
442
4495
5267
6788
6348
571
2344
3256
7466
602
6527
1558
9344
8431
8608
1489
9502
1418
9755
325
6793
8408
3283
9112
9874
7477
9321
2544
7569
9921
4086
8030
6398
3679
9172
3559
4331
7322
8394
6276
8529
3811
5090
703
3814
4758
3704
6078
168
1531
9921
8444
3129
9192
1797
4498
6582
5939
7387
325
6662
7460
2688
8217
8444
3913
2788
6116
4952
2244
7537
7357
8176
927
1240
4243
2134
3536
8650
6233
9751
7463
3184
2079
4032
4292
8855
3068
4668
8165
4571
2759
3454
8429
6623
7381
808
9601
2183
8381
5606
2748
6098
4024
2650
2754
3527
4772
5637
4465
9338
8295
4830
5491
7051
3936
3682
7808
444
8649
8120
6081
4157
776
7855
4927
726
37
6823
7562
6016
8007
4585
949
1440
7383
4420
5967
3985
2710
4485
172
6973
9818
5474
1090
4824
99
8003
2480
4537
3756
941
9672
5029
1886
2157
5790
6025
5646
7677
2968
7332
7430
5798
3877
3152
4864
7682
8826
5659
9087
8508
1415
3446
9368
2535
5769
4921
3278
4951
5064
9504
7004
9776
320
7127
1930
6138
3806
989
803
8238
8192
1352
3821
6495
1359
4213
3287
8087
408
570
657
2909
2709
1274
9269
8464
2187
4419
9379
7907
8541
6264
9050
853
1517
7446
1043
7835
3330
6614
711
5549
6822
8254
2337
4426
710
4099
5726
6072
3549
1024
5793
556
7386
988
4899
7938
3725
250
4776
1162
5681
9618
6780
6031
9363
8408
1148
8405
5664
5974
5409
4398
7885
203
4614
2586
6400
9295
1291
2777
7660
8674
947
3741
7802
4848
6008
5649
6802
7443
6895
6624
9321
6981
5893
8579
5988
9471
4136
7115
8475
5859
1618
23
8073
9843
9744
690
9216
1021
4226
1197
7961
1379
5051
6293
5785
8011
5511
9440
3999
1504
7388
857
2234
9810
5625
7925
5463
8417
6188
1377
9207
7457
3008
6122
9455
6554
8611
2233
6762
7791
1333
1817
5529
6185
8268
4086
3643
6144
6661
4132
8167
6773
4037
6985
1942
671
6221
1560
734
1280
4524
1499
6312
8995
7022
1900
8963
7828
9762
7568
8050
603
6970
1712
3760
1735
6795
3206
8244
2132
3109
4336
9103
9864
9692
7748
8658
9487
9476
9569
3181
6545
3003
3997
4466
269
8225
9696
5128
4757
7827
1644
9420
1061
7172
5304
1057
8689
2828
4744
120
3002
2875
9850
5803
3660
3734
6255
4643
1639
7570
2531
3081
4344
6511
7051
7481
1828
107
9067
243
5472
5224
338
5372
1312
7831
466
4529
5114
2595
7247
2939
6758
8859
7332
1278
9109
5031
6940
7499
1610
3084
7588
2806
3561
4314
7098
8034
5099
1522
7809
3415
3515
69
8853
9910
3280
6472
5349
9907
7863
8484
1218
2593
1325
8537
786
3772
4870
4707
3281
2192
4013
3653
9765
4455
6648
4785
1341
2383
822
9817
8357
809
2264
1024
5080
6446
522
8074
5139
3292
7293
3826
7602
4766
3394
9514
3865
8906
164
3117
7601
9828
163
9697
4045
7520
5049
984
4920
6373
7610
4949
1389
2317
9965
3739
9489
9032
2209
2737
2241
1136
4318
18
228
8471
6554
1425
6509
2556
1828
4874
1152
5853
3792
4900
9166
6518
1519
2194
8591
6424
4091
9353
2778
9061
2444
9787
7268
1336
3386
9154
3571
33
9743
9816
7645
8190
6744
5459
2338
1141
7400
8894
7362
7021
9609
3410
1229
3117
2928
7957
9302
988
7659
681
9651
6264
1018
1652
7123
2354
872
863
4220
2998
9700
392
9840
1864
512
7651
507
7242
9589
5677
2524
490
8289
2624
5389
2824
78
9251
8449
1462
8704
7465
6138
5304
3627
4794
6676
2570
7327
4670
6225
1073
4305
8789
5185
7481
6135
2372
6429
1550
1359
8667
1408
8855
9725
4322
4644
7932
8831
1920
3973
856
8478
3182
9171
9257
4675
6720
3689
6036
5556
4547
3701
2246
8650
789
1444
8342
2000
6077
4251
8518
7802
955
7748
5543
943
570
5763
5964
5541
2786
4724
1927
8104
6890
3044
7632
6342
9355
7672
3717
2730
2288
1453
6650
8899
6890
7949
7745
8800
2047
6443
917
522
3490
7755
3456
7694
4462
3265
1677
2037
8124
2324
9416
3938
1332
9407
3633
5896
2191
708
9103
3910
6363
6989
4465
6255
5096
768
2351
8170
7296
5006
3632
5155
4852
2969
3957
5292
9953
6880
914
1140
8225
7864
6333
1233
2061
9816
1567
2589
6032
8785
7927
7371
6567
4376
6590
4964
4597
3762
501
418
3171
1691
10
4921
773
6274
7226
3949
5719
7061
8016
84
2694
820
8827
2392
8763
6293
2318
3384
9154
3299
8257
2877
2409
5027
5189
7365
7187
7094
4613
589
7165
4420
4616
2975
5224
3595
2147
2549
7301
6691
5898
4361
4527
925
6983
3532
8417
7256
9651
847
5128
7519
1986
3521
5411
3970
652
2165
2168
687
309
1039
3024
1774
9613
2427
8546
4982
2963
553
8541
8127
4405
9465
9391
2245
4195
7520
2403
3237
4834
7284
9415
7815
7516
9562
2443
9529
5716
3161
9110
7972
551
8442
2066
4508
3774
7039
8903
6105
4528
9165
4150
4685
4853
4935
9227
2930
4245
8840
8294
7969
4670
2813
9379
2561
7620
9613
9317
123
9667
6837
7745
8086
6641
5684
6438
9843
9711
1488
7131
9943
5261
8868
5201
3680
1901
4423
6456
5398
4239
7641
3693
192
3260
4140
6720
6736
7551
4637
2707
1900
6045
9470
9247
266
2213
8177
9809
9015
4675
290
5042
1588
1534
6226
4820
397
2689
3596
9799
4903
9847
7622
3004
4486
6479
9286
6977
3256
9135
1054
8699
7954
9477
3926
162
6692
8681
6692
2966
4891
4046
2890
6991
8788
6807
700
9506
9960
2230
1228
6127
6648
2752
2036
1655
8230
876
3711
1451
2717
5258
6789
9648
255
624
2449
8687
7513
2047
5825
5769
5684
8517
3642
8551
8299
6908
6133
1583
4
4304
7305
4035
4110
1213
2582
5955
293
9878
7915
786
5396
3842
8181
7671
7639
7537
9957
6170
2444
7261
6013
4014
4950
3836
3367
1278
6094
4657
3201
7296
7862
1314
7032
2374
1323
8388
192
5939
1383
7250
6574
8138
7071
7757
8899
9154
3808
2301
613
3911
7377
422
9419
74
8629
7894
516
3512
2559
6730
6533
6967
6530
8832
9022
8765
964
1992
3175
6555
6127
8675
8076
3191
2516
4221
5250
6839
6908
9624
6805
5881
9324
5006
1263
5488
3908
503
9191
1048
9668
2011
2788
4330
7851
9919
5037
2236
8974
7948
8190
2656
3042
9646
8297
4812
8342
8248
7014
7514
9007
8004
3160
5925
5425
6632
2190
5700
6887
6741
2307
2899
4080
7464
2467
749
2854
3187
1914
8422
6044
7270
6698
5157
4595
8903
6792
2670
6217
6529
4804
6205
9039
7320
7428
9119
3125
9274
6204
2154
7476
1217
7963
1390
3159
4550
917
5907
9175
1711
1513
5377
9298
2457
6126
1006
2327
8049
5215
5857
849
4539
8351
3414
2926
870
1115
1131
5226
2711
2219
1943
2269
5921
1909
3818
445
2343
1182
2320
8337
7320
4605
3695
2468
8761
9215
2431
7474
9424
976
9401
2930
5724
8492
1544
3536
5602
514
7276
9766
3187
1314
9406
1830
1689
7667
7518
4167
7552
2531
1976
5657
4913
92
4549
4630
5098
5375
941
1368
2985
2192
1434
4145
1319
4798
3431
1339
1393
1133
7688
300
8146
5698
691
9733
6893
1002
4588
6967
3941
9752
3023
5411
3103
1801
3798
9197
4415
9285
5195
2972
6848
6932
6487
656
7664
5018
2776
5952
9447
7105
5953
8176
392
3393
9451
3164
703
2991
4617
8675
5003
959
5882
8626
5701
6023
1432
3227
7230
4194
3501
8083
7784
7518
5797
2437
506
7331
8558
1110
8679
1167
9148
8870
9160
163
5369
703
2630
7300
8969
6638
6036
766
4940
731
8712
9468
8717
6182
8266
8956
1256
1200
1605
771
88
7427
443
9133
3117
7679
3238
4350
3228
9490
6968
3370
6657
2740
5684
9854
7520
3692
6773
1833
8601
2642
8988
3226
3514
4401
4503
5047
3822
5288
5517
6135
3011
462
7110
3101
8810
1040
2471
2449
1703
4809
6075
6877
1736
1628
1357
817
6018
2753
4355
19
2342
890
3924
1878
595
4080
921
2022
9765
8799
6577
6094
8828
5403
6527
598
3735
5709
2846
1260
479
8110
725
5021
4752
3678
6342
6256
5074
8097
368
8864
118
3896
1876
3076
6348
8216
9284
6493
4241
9768
3079
5419
2629
3788
5994
4380
6986
6073
7985
3330
3289
564
2651
9536
5951
7228
5650
7537
2485
2449
2017
3077
1357
9039
5377
4968
504
2043
9340
6833
2484
696
7571
3524
8451
8455
507
4868
6615
8841
8625
3337
4233
17
7759
954
8457
2427
3830
4983
6239
2516
4523
2293
3728
1412
9791
2342
8476
1503
5766
9637
68
1443
5368
236
8042
9214
1318
5714
6992
1728
6245
7683
9954
9113
5270
3885
3552
6415
1638
3861
4500
8445
4944
6549
3250
8779
2753
3314
1660
198
1988
9085
4069
6557
7547
2918
5757
5255
351
2120
9147
1972
255
5558
7994
2014
3444
3152
5210
2779
4453
865
2631
3746
1830
7431
2887
920
4587
1088
4700
3030
699
1838
7225
4265
2128
1479
2225
7845
8778
1036
3884
2022
7907
2324
4899
5877
9517
5540
5690
6420
8040
2093
5437
7110
8992
4722
1315
718
6802
3556
1663
2914
8543
108
7862
8955
681
4724
619
572
6859
9762
9765
4125
6966
722
3090
915
5413
2543
6869
8221
5106
9774
5498
9294
513
1288
5450
5042
4266
9729
2827
1342
8436
1337
8895
2617
301
3775
1564
2721
5110
765
364
4779
2715
9940
314
6155
5777
6837
8989
6892
5431
360
4834
8380
1775
5357
4225
6423
2758
6845
242
4863
3231
7820
840
9765
174
4013
2555
5590
9567
8689
8004
917
5159
9662
3265
1905
19
552
5960
6962
9757
8655
9144
2678
3468
8341
588
5474
8315
7818
9577
4455
2546
3734
7686
1331
4464
1378
587
4657
9323
1683
545
430
1502
6580
6489
3449
2096
1071
905
2198
3461
743
4434
6590
2574
8149
1101
455
3836
8558
6019
1644
2
3197
2044
1097
9672
2722
5519
8325
8028
2214
72
7115
4099
4122
999
5911
1596
2251
4613
3274
4006
3636
1618
3306
7272
6289
2954
3114
4782
4683
8342
2225
916
9252
8702
2969
6538
6753
3148
4406
2263
9503
3676
5504
1114
5459
9935
6831
6204
1170
8703
51
49
202
813
7629
5038
7755
4790
7902
8356
7158
7028
1194
394
9408
2048
2567
1017
2802
8998
9416
3056
5905
8033
1873
7112
3381
6629
2486
7234
4200
3579
5284
5149
2701
6310
1036
5747
4586
2373
2055
5555
9219
2322
2459
953
5636
823
6953
6153
7355
8992
9375
8732
5984
8779
5137
8241
5330
4316
8399
1140
224
4749
3875
2315
6880
7715
7945
7021
2319
4300
8235
3998
9382
1060
4472
7830
7397
5110
5009
4783
6639
7327
2480
2669
6577
1791
8516
9112
8016
9193
2653
5028
3198
2986
1793
2210
1161
8934
8681
1743
6480
7133
8844
2554
467
6813
7813
7459
4534
8769
2323
5839
3329
7576
5853
8872
4263
1152
144
4273
705
8640
9750
6264
2919
1909
5013
308
3674
4148
1761
7005
7377
719
1967
3226
2685
6243
5991
3654
9547
5869
8612
6204
2022
4508
5372
1506
1127
914
6199
3266
106
8325
7262
7026
414
4946
3649
7829
8856
8241
4756
8875
325
7251
9111
1187
5578
1464
9137
6001
4329
797
6808
4155
6115
5634
5664
3053
4148
5178
414
3788
7455
8123
9383
9304
6135
6070
9626
6106
5544
3136
2726
3053
1616
6063
9033
5721
8605
2273
8087
5962
9795
2373
7523
239
7098
9805
3309
8463
6530
9387
3272
1286
8948
2328
3414
4844
1015
723
6979
3767
2860
359
2395
535
3430
8646
8777
1071
457
3441
5133
8019
5646
6233
2344
2573
672
4592
3863
9546
7382
5353
2042
8401
8509
558
2880
6484
9378
656
8257
1135
6665
5160
7543
925
844
1964
3626
2793
8916
4574
9623
7458
3709
2846
1692
3912
3513
736
1955
9012
5907
200
3464
9092
9310
9186
5592
2547
7418
8814
9096
6374
147
4856
2031
4403
614
1062
3329
1309
4016
5162
233
9674
3300
407
3267
7861
5913
6305
867
2175
302
925
1605
4369
3979
7239
2946
8156
4485
979
4427
5329
2270
7915
9446
7693
1927
6566
5346
5420
9874
186
5736
2463
7592
5944
8704
4967
7780
6038
4125
1825
3050
6395
2966
4460
6264
9171
1202
4085
1687
1105
3551
8516
9421
4548
383
3279
1763
8530
3552
7628
5230
9282
9735
7012
2684
8598
8120
1603
8749
9589
5620
3468
7276
5094
6879
1914
5976
6568
2364
4401
2483
9631
5208
7218
5862
7928
2704
733
6687
8814
320
353
1016
917
2953
239
3221
2052
2862
2381
714
7648
7404
9270
4902
8419
1139
862
4449
4027
693
8004
2365
8318
569
9568
1019
7979
364
6827
9374
4525
8518
302
8276
8249
9492
7459
6246
4550
7911
7112
5405
4140
1305
482
8703
2420
5767
7357
565
9504
7743
9777
9578
6308
4343
1137
4642
3905
5224
5869
5908
5283
2421
4568
4054
4704
1580
6532
7828
9952
7079
4136
5212
76
8207
6803
2376
3343
3887
4107
7305
5994
4112
3054
1405
1636
6630
8218
1501
3758
5542
5176
9830
3428
1250
7698
7762
3823
4643
4101
5345
7191
2450
2658
8233
5238
3987
7887
6408
1608
3310
1563
8865
2286
523
2510
7723
7730
6409
8318
5842
165
6636
4542
1415
8052
8913
6849
9851
2473
9934
6012
5124
5358
139
6858
3865
572
279
7993
6544
7698
8073
4481
7345
9632
4804
4725
8359
7139
4965
2530
4435
267
7276
5188
9116
9272
837
9672
6631
1156
2066
2652
4910
9081
3127
1027
8848
1251
1089
1157
8870
4736
2435
2946
3661
7364
4431
4711
6901
234
6350
9577
9381
2756
956
7423
3656
9843
6195
2172
3608
2146
3154
4697
2645
3053
5817
7169
7618
6671
8692
3030
3037
7561
3074
7922
6265
4558
4144
3624
3594
4795
8727
6328
9516
9124
2895
8593
4976
5386
9918
1056
8627
1080
8226
263
5357
493
8374
2810
8531
6644
9972
4178
6554
3758
2792
452
9497
6049
4668
7980
1161
6922
4517
9043
620
1071
9209
3407
3847
4527
1868
3353
7309
7322
70
570
3657
7245
1970
5855
9799
8181
8405
44
64
3221
8777
797
9745
4499
2598
4647
7015
3772
3308
1084
3417
4008
6415
3726
4449
8600
7679
1467
2616
5068
1570
4310
6237
8737
7328
487
482
4823
2828
2376
4500
7777
3322
9328
2996
5862
9889
3565
8263
5732
8975
3258
1190
8484
2963
8704
9731
3144
3115
3609
2265
1345
2074
7823
9966
942
8774
9283
8360
9262
2795
7322
2873
1094
847
1138
328
1854
6147
1778
8637
9606
2275
7775
2489
7703
7595
9131
560
3428
2805
615
4036
2990
5843
9385
7279
5831
757
9898
8396
3918
6136
390
8531
553
6572
5926
191
7713
512
9786
3758
8407
475
6735
8036
1204
2426
5761
7660
9071
8833
9082
4205
3223
4528
249
3764
2720
580
4445
1732
2235
4038
1856
4407
7501
5956
6193
9455
9521
6474
25
893
1338
5981
6944
1789
6401
3668
3480
3564
9037
4659
8998
232
3552
8901
5201
1154
589
2901
2499
5138
1448
1033
7020
5080
9606
2140
7062
1370
5076
5222
1316
7999
5795
7530
2883
5254
6272
1805
7826
8420
322
6190
2286
3992
6221
3798
2710
4157
4275
2204
2206
3835
8778
3461
686
5242
7817
631
9002
9461
8091
4745
1917
3735
6854
4857
8734
548
2214
4681
2757
3926
3363
8999
439
2787
8337
9607
812
2695
8117
7871
8658
308
4629
942
2842
162
8
9162
7584
4820
6637
7462
1129
2041
6888
508
3141
6716
3991
5580
5235
3833
2898
929
5636
2779
9249
4140
9063
9879
775
5440
9572
4463
1916
5513
3973
4308
1129
7497
6957
139
5037
8081
1388
2410
9148
4312
4779
2080
9302
6107
3890
8094
9206
9089
7434
3734
9601
7530
4348
9838
4670
8723
5383
8977
7813
9177
1569
8322
7200
5240
613
6206
9054
2814
5259
941
8646
289
4325
3381
4105
2985
8965
7115
2208
5755
7532
6310
4580
8323
6397
4002
8477
3518
6656
7870
3506
8177
867
5107
6751
1354
9259
8913
2789
7873
3864
8039
5243
794
2758
7422
6322
5194
5520
2483
8406
546
3631
7008
1552
7197
2703
3718
8840
6627
499
4729
5432
279
3135
7896
716
8036
7875
3191
9670
2846
9272
6075
1326
536
5939
449
998
562
2390
5899
7291
7868
5014
2840
9175
1867
4775
2127
2308
3910
5235
6872
7227
8767
9001
5559
2458
6297
9058
2870
8804
9018
7376
3565
8867
2158
7407
1665
2616
9861
749
5542
5987
618
2758
9186
2670
5025
3095
6032
1075
8109
5844
4686
446
2155
7702
9076
4366
7790
1772
2992
5557
8792
3906
7554
2958
5473
8399
2849
9806
6711
3960
5225
5955
6467
1666
4674
8809
6307
2357
670
8955
7450
2124
2318
3303
4272
296
3345
2826
8215
1924
4411
6411
3707
9060
8862
6612
3669
6902
3879
9786
525
2443
3559
8990
8505
9407
7356
3403
4454
7283
2716
5744
1457
5980
3550
4520
3699
6100
9237
5300
743
8351
8009
9947
857
5256
3779
1912
1277
5817
2453
5329
3369
9834
6980
7992
3057
4800
1556
4874
3501
2375
2414
2628
7416
5914
5360
3318
2631
9567
9329
2000
5491
624
3215
5753
7894
4452
2151
6078
1134
3804
6209
6871
4465
505
8197
8789
6462
6954
5198
9368
8347
1299
425
7885
4033
7802
7625
996
6992
5659
3643
4256
8063
6732
1425
5800
7380
3994
1086
1306
7436
3346
9853
8079
5896
9324
9310
3082
9829
6129
7677
1146
9766
2909
1088
6318
9536
287
1454
9464
6786
9454
4727
4794
6974
2710
1955
109
6904
1216
8699
1153
6027
5151
9278
4687
2178
4534
4129
8922
3706
168
9159
6275
3249
5143
2984
8988
2250
5534
6225
6900
1345
3290
9895
7393
9205
6611
6553
5820
1367
88
4306
6230
6318
9896
7048
8665
2116
4765
8692
9481
2608
8883
2302
4297
1072
6503
6036
329
4787
5402
5399
1181
4945
2613
8242
6698
5448
4422
2791
8665
3732
1208
6888
94
5849
4289
8511
7426
3568
9157
3803
5708
284
3191
823
6846
2664
7984
3208
7323
4367
9464
5619
5031
7191
4081
6809
1879
6314
8564
6961
6088
9715
2083
0
795
4594
4605
8343
6605
4028
2432
7528
2805
8482
8552
9542
8839
891
9061
2265
6182
1217
7500
3515
3526
3765
3060
5874
4094
5536
9152
3962
3708
6472
6972
5903
9923
139
1841
5011
4224
5179
7683
7842
6011
6453
3033
2208
2968
5839
7788
362
4604
2286
1000
8626
493
6545
801
1633
8739
3998
671
7640
6954
6983
1753
4247
1769
5449
3264
265
1949
432
578
9930
191
4090
9935
7159
8516
8967
7640
6000
8851
9385
4819
8620
7393
5022
8299
3529
2440
6295
5877
9053
8870
2085
5501
3631
930
1839
3950
3708
4345
98
9265
8934
6039
7429
8429
2655
785
4759
6589
158
30
9816
399
3212
7318
609
9720
9806
5667
6368
9701
4255
4852
9140
6156
5945
6513
7362
9185
1583
5912
7762
8532
186
4550
2377
4296
3566
3073
7347
7519
201
6146
4252
4560
3207
7952
8732
731
2293
7367
5533
387
1760
1800
7418
2090
1705
1002
2294
6842
9703
3406
5125
7903
1225
1872
3643
1507
2311
8329
1919
993
4851
1473
8060
939
6482
7762
5572
7351
5761
4408
529
7796
3301
8661
106
6810
2771
4785
7198
6992
5993
3374
7232
3863
3079
9609
6351
1891
3054
5117
8272
6409
7347
9937
6090
1444
4367
8450
5294
658
2870
2923
4097
4604
8738
3280
9384
5922
8748
7355
1743
5124
7
4845
1557
1550
7913
1846
5560
3067
2726
5136
7384
1978
602
9462
6443
9422
9699
5218
5693
9983
3689
6339
4497
9950
6011
9693
24
3573
1720
3098
1628
6253
3830
3583
1146
2345
6882
5050
3067
8112
21
5063
4733
3224
2318
6546
8658
6494
8786
4118
4085
4930
9038
8964
4852
3278
4436
1728
6862
4807
2777
2821
7083
9933
9002
7032
7010
1053
2470
794
8459
6069
2029
2646
8386
2759
5747
4779
9924
7575
5984
4516
5514
3999
5575
4371
4271
2513
5745
8940
2687
5644
7830
5517
9470
4264
5767
3531
9170
604
3738
1608
7453
671
611
2529
6539
4235
7820
1556
3829
3901
3137
7807
7424
8249
6602
2162
4197
7835
8470
1430
2702
2584
736
216
5945
1763
9297
3038
8844
139
9826
1418
4485
7202
2891
108
9021
280
9037
4273
3609
1670
681
2074
8411
3590
9195
6712
6412
735
2774
7122
7518
2671
5597
9961
8450
8802
9995
3187
8213
3311
6240
8035
2583
5681
6889
394
6346
9074
6379
2023
6995
3267
3611
2058
9104
9865
5981
5222
5574
2194
4983
4276
3797
8389
7313
3156
9930
2328
8075
6735
4162
1722
6699
8600
3846
9488
8577
5040
1799
9501
2441
3929
7319
8459
1821
6130
1458
4790
5268
9649
5047
855
8091
5520
3287
5823
9534
702
6664
8265
8564
7989
6886
9538
5988
2492
3559
6660
7591
7074
3897
3182
4891
6763
7163
3823
1777
216
2069
4001
8389
2414
3748
7491
9144
9817
5862
3183
9947
9546
7806
7322
8825
3451
6949
6873
5553
2595
4093
3921
9087
4612
9987
1303
2150
7314
9201
2966
6909
7902
5789
5822
4579
8673
1681
3114
1776
4196
9207
9770
8345
7436
7521
6127
975
1315
8147
2597
2933
8625
5022
3386
1421
9706
3881
1165
7502
3088
6894
6738
8643
2089
7822
7553
1187
4268
5554
6078
3736
9765
3439
836
3934
4216
5973
1051
4107
7074
7060
4841
7573
4219
3147
8356
6324
2391
7327
9412
9557
2363
4005
8951
6024
9053
2476
255
6008
7541
5914
8374
3220
2896
481
1937
1774
7843
3021
7490
2351
3388
1933
104
2116
675
507
4482
4090
3648
7402
4720
1970
6215
571
4682
9632
1470
2284
2218
2246
1279
6942
9012
4776
5288
7441
5542
3852
1536
3486
2778
1808
7940
1072
9256
3031
7168
4992
4616
4769
2489
6796
1078
3142
5302
4868
414
5023
7375
6480
9175
9122
1230
2481
2956
3080
5554
3923
9013
1196
5651
4171
6308
7906
976
2339
1996
241
1251
8127
5388
2622
4790
7195
4984
9783
9582
1699
6904
5881
9973
4318
4954
6175
2183
4600
9987
2632
3331
3339
4723
7778
4337
4345
7767
2441
818
5801
3623
9734
3138
2635
6511
1174
4490
3914
411
2216
6418
4237
8348
3170
9732
8809
9815
9441
477
1095
1677
2619
3964
8973
5317
8292
9612
5148
932
232
1775
2070
2287
1531
3792
1753
9128
8683
1818
8093
6868
3534
3383
9222
4269
1982
2736
5173
2883
509
5028
3889
3837
4055
5732
9582
1917
5011
6586
1640
1810
869
1914
7326
2055
4275
1505
9277
7816
7058
6714
4616
757
6044
1344
305
7711
8160
9565
8775
8608
6503
192
4363
5319
4782
6813
5153
1137
165
9743
9184
5987
8307
5929
1445
7283
9779
8522
2171
9750
1999
7518
1359
7828
6023
7649
1235
6152
862
3134
6129
3683
4706
6326
4169
9456
5942
1020
3145
4211
9405
5902
3417
9499
5429
5038
2688
230
5006
4382
3094
8468
7526
5673
7686
5395
6706
5950
8815
3305
2874
4360
9737
7985
1890
8537
5807
6444
3473
8821
7596
2921
2544
4474
7254
1503
6592
7646
1026
9030
4136
7553
8194
3030
8218
4753
8866
1192
7697
716
4075
5416
4298
7599
6113
3260
4507
3005
1264
1070
1076
764
5998
6949
3505
8986
9596
7874
4185
4077
3438
1606
9702
2711
6581
5313
1937
9272
8918
9029
6393
5677
6729
6681
336
4983
1295
5849
8179
8919
6896
2331
3747
1605
9041
1549
372
8719
9439
8377
5874
6782
8794
1706
8523
2789
4241
921
4158
2291
70
1344
6637
4136
557
2671
561
9459
5766
1613
7227
3386
1781
2982
9122
4131
8954
9347
1822
3263
9666
6520
5872
6391
3754
4662
5772
4910
4107
5537
9956
4565
6310
1131
8450
5086
9500
3023
6881
2265
6987
8666
5145
7370
5953
8964
213
3691
1774
5293
6483
5549
1786
4866
3239
7690
4608
2430
4652
3670
7862
4893
2072
5316
8010
9820
523
7557
9946
8476
276
6395
1344
438
6176
1899
1176
1720
544
8769
8080
1965
437
4957
5883
3035
4331
7116
3921
3766
6095
1138
1191
5586
7695
3602
3350
2902
2844
1712
219
699
1646
9917
1819
995
9589
6242
1600
4855
7159
3208
3204
4505
6715
676
3144
216
9328
9920
146
9346
8666
3252
1714
3156
1195
372
9055
3132
3034
7219
8018
7536
1427
1637
3310
8119
7771
3650
715
4501
7661
9894
6718
2260
8454
3493
1974
4013
1274
2620
2166
9062
9297
9299
7530
4662
6529
9358
5096
7028
2680
6499
8708
910
4263
3893
2735
9461
1606
1647
5245
500
7016
9725
6930
866
3116
420
6553
7453
5548
3362
2353
7095
582
6016
9396
3117
7477
404
9780
5281
5755
6306
2500
153
2445
5955
2193
3744
7787
4606
60
363
7562
290
4661
7526
6720
5046
3572
2333
7132
4743
8071
6455
7279
1953
9044
3580
123
1641
2329
2823
7846
4070
7896
1766
7115
7120
7976
4110
2589
8977
2714
4028
5017
3353
137
1190
8183
8957
3308
3424
2204
9951
748
5771
6400
233
1949
7592
599
4226
2187
7402
8286
2563
7665
824
9987
5139
5225
4738
2049
8926
5243
7755
3223
1221
1060
3221
6516
6063
7797
3611
9170
8782
9876
5671
1100
7788
4484
84
4124
259
412
5917
2405
8508
2038
2468
3914
5151
2070
6911
4138
281
5845
8829
4889
1932
9193
1207
6236
5408
4418
705
6720
2391
2692
9983
183
5838
3628
8277
9184
7040
8753
3862
3730
4933
6185
5166
6549
6647
1317
4587
8157
6389
3898
5734
5539
6016
2716
6784
4690
3106
104
5319
2395
5087
9727
5720
4790
7652
6603
3182
2309
5452
8911
6168
1014
1922
2207
8393
134
5552
4312
5881
7069
9845
2302
4681
9929
7494
8865
2132
2186
7371
6491
1232
8055
4042
6041
7876
3532
4033
2115
132
2337
6316
5833
2919
3336
1239
3659
3162
882
670
7765
4061
8942
4240
7750
1483
7087
1041
572
487
5929
8190
1102
4113
6792
3340
9142
4776
8461
554
6936
3930
1750
181
387
119
8137
1113
4450
3316
701
9844
7343
811
1205
7047
6294
2607
9577
1623
2450
1677
5682
5376
3126
6382
3106
4056
6362
3769
8542
4273
4223
1141
4794
4952
4177
8156
4751
3947
1352
7787
8507
7656
4219
759
7781
6448
5218
3337
6923
3818
774
4378
9722
2340
8871
6778
1817
5972
7033
9225
5842
572
6092
7000
9839
9676
6439
5194
1693
9730
753
917
1311
4716
8395
2869
8914
8222
1965
8767
5960
1855
107
9746
6164
6350
7220
7017
3889
6258
6824
3598
5454
4750
9827
3112
6762
2627
2265
5557
8488
480
9024
1027
7471
5797
389
6745
2113
2917
1132
6482
4406
3930
2983
7305
5396
866
3954
320
9101
1559
7817
6314
8261
9276
4823
4233
8575
6371
1020
1281
4099
1339
3609
3420
7950
4023
3339
5799
373
8634
8642
201
8647
4398
3518
323
719
2596
3237
803
7523
5286
1698
8435
3788
1209
7501
6910
5362
8078
1491
419
707
1750
3954
1617
3391
5781
6307
4387
8691
432
213
2389
9344
8497
8674
740
3608
8745
9856
2853
5125
3717
3142
8667
4006
3513
7080
7084
1526
3160
4658
6749
5034
5174
3277
3033
7319
8997
1520
5457
4334
7115
1590
7837
2070
3173
3336
2640
3668
6276
4984
7722
4424
6
7257
808
8167
6544
6621
6838
5345
3223
5773
1652
6911
4302
7359
1942
8923
4697
2807
6757
8923
1936
5916
4451
8587
7615
5861
9868
8614
2314
4448
6455
6689
782
4527
1468
3188
6947
4800
1056
1830
2861
3240
9148
660
2914
5115
2412
7245
310
2570
2019
3453
5265
4489
3115
6692
9890
7436
8538
1650
8318
9709
9216
7282
3233
6157
5581
9520
500
3077
5936
1544
783
4919
7817
4797
662
8070
304
8738
4367
3598
2591
536
9300
2082
186
2581
3412
4625
3695
6173
3636
6755
7176
3520
4770
9621
558
7168
1434
9007
2807
3677
2353
3119
2112
7262
8015
3252
1573
1630
106
2120
5805
5937
269
7418
6467
3666
3031
1128
3567
3274
6480
6758
932
1071
614
1917
8914
3543
7446
4947
299
5879
4823
3362
3251
9772
6016
5240
6944
5413
9785
2043
2977
2859
6190
7254
8699
9198
1904
3669
8911
6702
3206
3833
6887
2867
2882
6664
9679
6057
382
8308
6272
3899
8452
2662
5991
9595
7021
3271
3829
9979
4945
4091
4960
9051
5917
8458
