8119
9380
9989
8102
9383
2750
2093
3255
2180
6511
6461
1934
4564
4747
3301
8631
1874
86
5769
7398
4655
4803
3281
3815
6772
4118
8982
2515
8146
9816
5500
7883
795
8199
4447
676
1273
9415
9638
1904
2971
1289
6309
3525
8513
7255
5406
3212
3533
5305
5319
3912
9929
7399
2374
9056
103
4923
3977
7259
99
5729
3763
1703
69
7391
3553
2902
8403
6587
5626
9110
4483
4638
6356
6444
4190
4739
9572
3852
8497
3963
589
3527
6700
7216
2682
337
8109
8980
6982
893
5863
7461
9352
3976
4107
5919
845
4639
