4956
5464
877
925
85
8300
6778
3786
5368
7399
5688
7176
7845
8212
3905
330
973
1841
4799
7375
8713
774
6593
2458
139
1441
2667
6138
5052
1426
9287
9179
9732
9808
5402
3384
8488
6727
4258
4090
1981
2111
539
4498
5770
1162
8641
6703
5132
6921
7759
3885
9844
7003
3974
3802
5099
7012
7497
358
165
2966
8357
2294
2211
7838
3326
9861
7698
8509
3749
2184
882
2193
2630
4908
8337
2160
7629
9295
1557
5217
6744
1543
1224
2327
4040
8643
3549
458
3777
3196
3874
627
7665
4215
2110
692
365
6586
569
3106
4855
4792
4827
7457
6892
8331
6588
426
7161
9565
6635
7227
4302
8787
715
107
4571
23
5495
3080
1655
224
6181
9183
5823
1728
5192
3160
2459
2890
9104
5451
2684
9149
3533
4114
5874
6946
9185
6589
1338
7278
2595
9996
8501
4612
6111
8525
6979
6090
1498
66
2542
7030
6404
8894
8020
5334
8630
6220
1340
6921
3403
3531
8089
9644
3595
2650
3644
3845
3011
412
8803
7654
9248
9096
6048
814
5561
3777
9413
226
6781
4556
315
6499
7761
9251
7938
2236
4460
9397
6067
9803
9950
5303
1665
3305
7626
6172
2318
7416
6133
7836
2473
3832
5687
8500
3364
3589
6606
3257
3588
6593
4369
3098
4851
7578
386
7410
2511
8263
4029
5303
4501
2900
4973
1906
2648
1623
5118
3083
4539
9631
1981
2544
3007
5529
5515
6257
4597
8206
1072
5276
6485
9980
893
5392
5383
6846
2250
1120
1455
5131
5950
8454
3446
2585
8220
209
6035
411
3210
8348
3992
6542
9517
7660
8921
4892
8513
2790
9479
6683
9541
6171
5771
2822
5203
834
6334
4149
1212
1872
1524
6635
1394
54
2250
8108
1679
2598
3653
3977
8499
9891
6585
9034
8283
4805
5035
9366
3132
9446
830
4898
7072
3708
5497
4884
1399
3811
6474
1282
398
1734
8260
5596
2893
1514
2500
9811
6010
8680
8994
9220
5916
1012
3058
4837
2138
9630
9321
939
5297
2373
957
9990
5796
2595
8358
7162
5502
9577
4209
26
4819
2039
4339
4322
3188
296
5641
4769
2866
2584
7758
5937
3113
5107
9687
7157
8814
8236
9032
2399
1812
438
537
7195
5127
8979
7139
5867
5707
4278
9029
527
2015
4935
1635
5824
6763
1779
1277
4794
7625
1244
5806
9748
2176
4644
4059
2797
6282
6546
4283
2549
5480
9151
9910
3333
6124
1536
6518
3340
883
5440
3546
2679
549
7736
6378
8555
4005
8046
7860
9986
8020
856
2821
5696
9282
555
6115
2305
4116
4213
3751
6802
9297
4290
3800
5128
6182
4367
6754
7152
6170
8617
9814
9732
6043
5553
7067
8247
5479
3518
9602
2750
9527
2671
679
10
9126
7772
739
3270
6127
2295
398
2137
8836
6005
9394
3369
7883
1891
2188
5325
1411
6262
8235
1132
6820
9411
7242
5031
4228
8440
4826
1136
7590
4149
7528
1590
6333
7530
6431
222
9887
63
3910
4607
8165
7082
7850
10
2750
960
8118
1493
8578
1691
1454
1362
9924
7252
8444
5088
1713
1102
5137
5230
6614
383
7389
5303
1646
1227
7418
7567
9288
9214
9635
1336
3143
8166
914
9361
3635
507
9654
9836
956
1868
963
2475
8511
7720
9652
3798
2850
2389
3195
283
249
8176
2889
2306
6043
9281
9962
2892
3982
874
9511
3176
2718
3501
1919
6673
3901
3815
831
9959
3333
5165
6926
8985
7849
3985
694
7068
89
1761
492
59
7636
3916
4337
283
9496
4258
6689
8713
1045
9063
6936
9154
9359
2675
9188
9054
6994
5625
1110
6122
176
3346
1410
1985
3510
5910
7542
6999
5661
1094
88
2338
4588
8824
983
6245
3338
8048
3363
10
9745
6936
7129
1579
5854
8300
2871
7436
4693
4564
382
3593
8466
5007
7797
88
3706
6824
6041
2891
5552
3608
4754
6644
6947
5160
8753
1013
2532
7904
2614
2083
7718
5857
3326
9286
1118
1580
538
2624
4810
6765
6763
4887
1342
8647
3465
7825
6521
8525
9538
4827
3542
1466
5615
9414
3615
8862
34
846
3451
7478
220
5960
3896
3719
1180
1544
4132
2054
5394
4284
9333
3991
8305
6777
2633
8960
3250
5344
6695
5481
6581
7068
9684
2114
5123
8682
3506
5984
1823
6166
611
2934
5659
1422
11
1373
4390
3749
8899
512
3123
5782
4842
4582
4917
8947
7734
8284
2534
9337
2840
3726
9815
7793
1534
2466
3490
8102
4754
18
8635
1070
3503
1492
2373
2168
5331
7495
3264
1072
5520
6204
2288
9249
2429
1871
4074
4360
9018
3984
6503
4192
3264
4259
5067
2176
4423
3600
9327
4941
8097
1255
1066
3597
9683
6804
3246
3066
6324
2506
4255
5662
7822
4528
9854
6497
8002
693
2148
3981
9352
3697
1882
858
1284
9353
5157
1803
5299
5054
911
2947
6037
1507
3584
1365
4181
9466
6748
488
5779
1738
7142
9091
8994
6174
9186
1114
3981
5021
5191
6853
1093
2849
5651
7689
2790
2566
7545
2966
5736
3409
22
4605
6048
43
9042
8779
9878
4361
1921
2022
5218
3193
9545
8354
2704
7691
5053
7217
2322
2057
6968
69
3188
5589
3526
7251
8843
5182
7644
6710
2967
6702
5464
7309
1576
3938
1347
562
7740
5031
4866
1032
4886
2670
3548
5360
2347
5403
8422
1272
2453
2608
6442
9377
7402
6097
3670
9563
1335
932
8673
1391
2806
4999
2680
4473
2496
1405
2151
1440
1659
278
4195
9779
5139
5354
5188
4433
5783
6146
943
7877
3371
4516
7233
2508
1707
8713
7337
5893
6383
7164
8124
1461
6121
6817
5884
5955
1467
2367
6770
262
2326
4971
5144
1849
7294
3843
1459
3304
9017
5828
9230
4011
3350
4137
866
1388
9146
5872
273
7237
7269
6986
8882
2539
1651
4399
6278
9777
6111
2828
7513
4875
9250
6043
6308
5856
9529
2636
3840
1306
4549
2229
2485
7246
5579
1699
8464
578
347
8380
3763
2272
6878
6099
5190
822
8873
9431
7259
454
3551
9321
4607
1425
